 0.00000000e+00  6.57894880e-12 
 2.00000000e-02 -5.49141859e-06 
 4.00000000e-02 -1.06523450e-05 
 6.00000000e-02 -1.54822616e-05 
 8.00000000e-02 -1.99806415e-05 
 1.00000000e-01 -2.41469472e-05 
 1.20000000e-01 -2.79806444e-05 
 1.40000000e-01 -3.14812249e-05 
 1.60000000e-01 -3.46482466e-05 
 1.80000000e-01 -3.74814068e-05 
 2.00000000e-01 -3.99806798e-05 
 2.20000000e-01 -4.21465875e-05 
 2.40000000e-01 -4.39807542e-05 
 2.60000000e-01 -4.54870718e-05 
 2.80000000e-01 -4.66741438e-05 
 3.00000000e-01 -4.75599937e-05 
 3.20000000e-01 -4.81789242e-05 
 3.40000000e-01 -4.85851325e-05 
 3.60000000e-01 -4.88433846e-05 
 3.80000000e-01 -4.90103005e-05 
 4.00000000e-01 -4.91240727e-05 
 4.20000000e-01 -4.92068186e-05 
 4.40000000e-01 -4.92707026e-05 
 4.60000000e-01 -4.93224927e-05 
 4.80000000e-01 -4.93661090e-05 
 5.00000000e-01 -4.94039348e-05 
 5.20000000e-01 -4.94374904e-05 
 5.40000000e-01 -4.94677890e-05 
 5.60000000e-01 -4.94955317e-05 
 5.80000000e-01 -4.95212209e-05 
 6.00000000e-01 -4.95452268e-05 
 6.20000000e-01 -4.95678292e-05 
 6.40000000e-01 -4.95892442e-05 
 6.60000000e-01 -4.96096419e-05 
 6.80000000e-01 -4.96291585e-05 
 7.00000000e-01 -4.96479046e-05 
 7.20000000e-01 -4.96659713e-05 
 7.40000000e-01 -4.96834344e-05 
 7.60000000e-01 -4.97003577e-05 
 7.80000000e-01 -4.97167952e-05 
 8.00000000e-01 -4.97327934e-05 
 8.20000000e-01 -4.97483920e-05 
 8.40000000e-01 -4.97636261e-05 
 8.60000000e-01 -4.97785257e-05 
 8.80000000e-01 -4.97931178e-05 
 9.00000000e-01 -4.98074257e-05 
 9.20000000e-01 -4.98214704e-05 
 9.40000000e-01 -4.98352706e-05 
 9.60000000e-01 -4.98488431e-05 
 9.80000000e-01 -4.98622028e-05 
 1.00000000e+00 -4.98753634e-05 
 1.02000000e+00 -4.98883372e-05 
 1.04000000e+00 -4.99011352e-05 
 1.06000000e+00 -4.99137676e-05 
 1.08000000e+00 -4.99262437e-05 
 1.10000000e+00 -4.99385720e-05 
 1.12000000e+00 -4.99507603e-05 
 1.14000000e+00 -4.99628156e-05 
 1.16000000e+00 -4.99747447e-05 
 1.18000000e+00 -4.99865536e-05 
 1.20000000e+00 -4.99982479e-05 
 1.22000000e+00 -5.00098328e-05 
 1.24000000e+00 -5.00213131e-05 
 1.26000000e+00 -5.00326934e-05 
 1.28000000e+00 -5.00439776e-05 
 1.30000000e+00 -5.00551698e-05 
 1.32000000e+00 -5.00662734e-05 
 1.34000000e+00 -5.00772919e-05 
 1.36000000e+00 -5.00882283e-05 
 1.38000000e+00 -5.00990855e-05 
 1.40000000e+00 -5.01098664e-05 
 1.42000000e+00 -5.01205732e-05 
 1.44000000e+00 -5.01312084e-05 
 1.46000000e+00 -5.01417742e-05 
 1.48000000e+00 -5.01522726e-05 
 1.50000000e+00 -5.01627054e-05 
 1.52000000e+00 -5.01730745e-05 
 1.54000000e+00 -5.01833815e-05 
 1.56000000e+00 -5.01936278e-05 
 1.58000000e+00 -5.02038149e-05 
 1.60000000e+00 -5.02139442e-05 
 1.62000000e+00 -5.02240168e-05 
 1.64000000e+00 -5.02340339e-05 
 1.66000000e+00 -5.02439965e-05 
 1.68000000e+00 -5.02539055e-05 
 1.70000000e+00 -5.02637618e-05 
 1.72000000e+00 -5.02735662e-05 
 1.74000000e+00 -5.02833196e-05 
 1.76000000e+00 -5.02930221e-05 
 1.78000000e+00 -5.03026746e-05 
 1.80000000e+00 -5.03122772e-05 
 1.82000000e+00 -5.03218301e-05 
 1.84000000e+00 -5.03313331e-05 
 1.86000000e+00 -5.03407857e-05 
 1.88000000e+00 -5.03501873e-05 
 1.90000000e+00 -5.03595363e-05 
 1.92000000e+00 -5.03688306e-05 
 1.94000000e+00 -5.03780677e-05 
 1.96000000e+00 -5.03872432e-05 
 1.98000000e+00 -5.03963520e-05 
 2.00000000e+00 -5.04053865e-05 
 2.02000000e+00 -5.04143373e-05 
 2.04000000e+00 -5.04231918e-05 
 2.06000000e+00 -5.04319335e-05 
 2.08000000e+00 -5.04405419e-05 
 2.10000000e+00 -5.04489905e-05 
 2.12000000e+00 -5.04572461e-05 
 2.14000000e+00 -5.04652683e-05 
 2.16000000e+00 -5.04730079e-05 
 2.18000000e+00 -5.04804068e-05 
 2.20000000e+00 -5.04873987e-05 
 2.22000000e+00 -5.04939107e-05 
 2.24000000e+00 -5.04998666e-05 
 2.26000000e+00 -5.05051937e-05 
 2.28000000e+00 -5.05098310e-05 
 2.30000000e+00 -5.05137417e-05 
 2.32000000e+00 -5.05169283e-05 
 2.34000000e+00 -5.05194430e-05 
 2.36000000e+00 -5.05213864e-05 
 2.38000000e+00 -5.05228863e-05 
 2.40000000e+00 -5.05240671e-05 
 2.42000000e+00 -5.05250292e-05 
 2.44000000e+00 -5.05258441e-05 
 2.46000000e+00 -5.05265591e-05 
 2.48000000e+00 -5.05272048e-05 
 2.50000000e+00 -5.05278015e-05 
 2.52000000e+00 -5.05283622e-05 
 2.54000000e+00 -5.05288958e-05 
 2.56000000e+00 -5.05294087e-05 
 2.58000000e+00 -5.05299051e-05 
 2.60000000e+00 -5.05303884e-05 
 2.62000000e+00 -5.05308610e-05 
 2.64000000e+00 -5.05313248e-05 
 2.66000000e+00 -5.05317811e-05 
 2.68000000e+00 -5.05322310e-05 
 2.70000000e+00 -5.05326756e-05 
 2.72000000e+00 -5.05331156e-05 
 2.74000000e+00 -5.05335514e-05 
 2.76000000e+00 -5.05339837e-05 
 2.78000000e+00 -5.05344129e-05 
 2.80000000e+00 -5.05348393e-05 
 2.82000000e+00 -5.05352632e-05 
 2.84000000e+00 -5.05356850e-05 
 2.86000000e+00 -5.05361047e-05 
 2.88000000e+00 -5.05365226e-05 
 2.90000000e+00 -5.05369390e-05 
 2.92000000e+00 -5.05373538e-05 
 2.94000000e+00 -5.05377674e-05 
 2.96000000e+00 -5.05381797e-05 
 2.98000000e+00 -5.05385909e-05 
 3.00000000e+00 -5.05390013e-05 
 3.02000000e+00 -5.05394105e-05 
 3.04000000e+00 -5.05398191e-05 
 3.06000000e+00 -5.05402268e-05 
 3.08000000e+00 -5.05406339e-05 
 3.10000000e+00 -5.05410403e-05 
 3.12000000e+00 -5.05414461e-05 
 3.14000000e+00 -5.05418514e-05 
 3.16000000e+00 -5.05422562e-05 
 3.18000000e+00 -5.05426606e-05 
 3.20000000e+00 -5.05430645e-05 
 3.22000000e+00 -5.05434680e-05 
 3.24000000e+00 -5.05438714e-05 
 3.26000000e+00 -5.05442743e-05 
 3.28000000e+00 -5.05446770e-05 
 3.30000000e+00 -5.05450794e-05 
